Month	Primary Energy Consumed by the Residential Sector	Total Energy Consumed by the Residential Sector	Primary Energy Consumed by the Commercial Sector	Total Energy Consumed by the Commercial Sector	Primary Energy Consumed by the Industrial Sector	Total Energy Consumed by the Industrial Sector	Primary Energy Consumed by the Transportation Sector	Total Energy Consumed by the Transportation Sector	Primary Energy Consumed by the Electric Power Sector	Energy Consumption Balancing Item	Primary Energy Consumption Total
1973 January	1313.816	1932.187	656.607	1079.31	2054.675	2701.524	1506.38	1509.552	1691.096	3.693	7226.265
1973 February	1150.011	1687.255	621.766	1001.92	1869.459	2460.752	1439.361	1442.127	1511.458	2.654	6594.709
1973 March	970.362	1497.067	490.154	884.437	1944.295	2579.613	1561.162	1564.016	1559.159	-0.934	6524.198
1973 April	709.631	1177.661	362.003	735.461	1924.207	2550.21	1479.971	1482.632	1470.152	-1.627	5944.336
1973 May	544.596	1015.008	289.109	696.114	2070.447	2741.81	1621.585	1624.436	1551.631	-2.817	6074.551
1973 June	385.648	933.663	227.897	687.473	1942.08	2641.221	1540.532	1543.553	1709.752	-0.592	5805.318
1973 July	326.179	981.183	197.526	693.949	1999.819	2691.487	1583.965	1587.202	1846.331	0.678	5954.498
1973 August	338.036	1018.978	206.942	706.301	2111.198	2817.613	1646.394	1649.55	1889.873	1.923	6194.365
1973 September	361.672	956.55	210.244	651.041	2035.699	2661.997	1502.988	1505.857	1664.842	0.603	5776.048
1973 October	461.932	991.668	266.381	693.462	2232.462	2911.515	1577.804	1580.742	1638.807	0.068	6177.455
1973 November	707.132	1197.249	389.37	800.97	2274.07	2937.298	1582.22	1585.217	1567.941	1.142	6521.876
1973 December	956.291	1507.395	504.794	914.274	2261.618	2927.596	1534.862	1537.891	1629.591	2.544	6889.701
1974 January	1212.515	1823.499	629.995	1039.088	1960.95	2601.723	1439.083	1441.921	1663.689	0.476	6906.707
1974 February	1036.361	1562.936	533.849	907.821	1900.645	2504.584	1339.339	1341.826	1506.973	-0.228	6316.938
1974 March	897.426	1436.363	468.202	863.512	1939.22	2591.78	1480.5	1483.195	1589.502	-1	6373.851
1974 April	724.092	1215.416	373.423	754.176	1789.328	2427.63	1467.268	1469.842	1512.953	-3.319	5863.745
1974 May	507.294	1010.945	265.373	688.286	1909.461	2610.64	1556.574	1559.392	1630.562	-2.119	5867.145
1974 June	388.946	936.124	215.945	655.169	1848.969	2526.551	1525.441	1528.118	1666.66	-1.208	5644.753
1974 July	339.266	1013.51	196.698	703.241	1963.265	2687.414	1578.384	1581.456	1908.007	2.418	5988.038
1974 August	318.446	987.592	198.954	688.995	2031.357	2735.222	1601.286	1604.223	1865.99	2.232	6018.263
1974 September	359.285	919.805	216.105	645.205	2057.094	2691.142	1456.303	1458.89	1626.253	-1.227	5713.814
1974 October	491.557	999.326	282.939	706.494	2216.164	2907.338	1569.924	1572.633	1625.206	-0.83	6184.96
1974 November	638.307	1141.133	353.105	773.723	2135.6	2809.339	1507.699	1510.563	1600.048	3.698	6238.457
1974 December	994.417	1607.437	524.494	969.399	2043.661	2692.136	1565.376	1568.378	1709.402	8.209	6845.56
1975 January	1125.159	1758.226	545.372	990.791	2103.195	2763.065	1542.555	1545.584	1741.385	1.349	7059.014
1975 February	1066.521	1615.051	519.577	920.136	1674	2275.417	1359.325	1361.954	1553.135	-1.016	6171.542
1975 March	976.858	1538.328	465.309	892.445	1793.242	2440.013	1516.838	1519.702	1638.241	-4.231	6386.257
1975 April	856.058	1366.55	419.459	823.414	1480.884	2104.502	1508.229	1510.837	1540.673	-4.658	5800.645
1975 May	534.024	1034.664	259.802	698.717	1543.59	2220.526	1542.378	1545.238	1619.351	-4.687	5494.457
1975 June	381.986	936.766	205.58	686.931	1601.696	2286.045	1526.826	1529.658	1723.312	-1.285	5438.115
1975 July	341.272	1003.672	189.411	715.817	1701.015	2389.446	1557.246	1560.25	1880.241	2.676	5671.861
1975 August	326.611	1012.72	191.306	717.022	1752.922	2452.756	1557.471	1560.436	1914.625	4.279	5747.213
1975 September	358.313	926.799	208.351	657.008	1803.82	2422.751	1490.844	1493.554	1638.784	1.179	5501.291
1975 October	456.308	954.616	249.405	692.031	2003.645	2693.61	1568.36	1571.249	1633.788	0.234	5911.74
1975 November	577.673	1065.259	305.791	737.377	1919.98	2603.459	1442.298	1445.305	1605.659	1.841	5853.242
1975 December	988.846	1598.15	499.825	962.577	2056.792	2762.669	1598.123	1601.232	1781.043	4.962	6929.591
1976 January	1277.212	1986.659	635.682	1118.587	1982.444	2669.716	1532.245	1535.406	1882.783	4.764	7315.131
1976 February	1087.483	1674.363	545.966	971.029	1691.658	2327.845	1419.173	1421.841	1650.798	1.008	6396.086
1976 March	882.198	1434.389	442.57	890.242	1744.93	2463.82	1604.614	1607.566	1721.705	-1.198	6394.82
1976 April	672.973	1163.868	337.725	753.23	1673.539	2359.133	1581.987	1584.545	1594.553	-2.549	5858.227
1976 May	529.469	1009.166	275.205	715.556	1783.424	2508.466	1564.477	1567.172	1647.787	-3.972	5796.389
1976 June	420.706	964.724	226.751	724.307	1743.835	2526.313	1610.508	1613.299	1826.842	-1.201	5827.441
1976 July	351.95	1006.965	196.963	745.448	1853.241	2622.912	1648.182	1651.192	1976.18	1.125	6027.641
1976 August	327.176	1002.932	201.682	736.425	1861.429	2622.754	1606.282	1609.175	1974.717	2.451	5973.736
1976 September	353.007	923.155	209.976	685.272	1857.371	2552.47	1579.52	1582.273	1743.297	-0.522	5742.648
1976 October	488.845	1005.253	268.183	733.104	2158.125	2906.867	1599.725	1602.472	1732.819	0.073	6247.77
1976 November	817.854	1372.664	433.886	897.928	2098.841	2857.016	1599.713	1602.617	1779.932	2.68	6732.906
1976 December	1182.262	1863.448	596.88	1093.165	2215.828	2976.731	1720.249	1723.225	1941.35	4.956	7661.524
1977 January	1447.095	2239.681	696.361	1223.633	2047.324	2801.56	1582.153	1585.432	2077.373	5.318	7855.623
1977 February	1229.291	1869.527	586.44	1018.84	1602.721	2238.883	1527.15	1529.74	1711.388	0.909	6657.899
1977 March	857.068	1441.002	419.39	878.851	1865.642	2601.65	1656.555	1659.602	1782.45	-3.496	6577.61
1977 April	631.735	1132.077	321.203	752.308	1740.243	2463.15	1638.161	1640.796	1656.988	-5.242	5983.088
1977 May	473.686	979.115	253.828	734.629	1864.076	2670.669	1617.665	1620.607	1795.764	-4.135	6000.884
1977 June	384.297	971.294	222.034	741.922	1890.509	2699.588	1675.118	1678.044	1918.889	-1.649	6089.198
1977 July	337.28	1084.85	204.519	785.466	1857.624	2657.426	1666.152	1669.284	2131.452	2.35	6199.376
1977 August	331.138	1065.597	206.912	771.813	1956.794	2746.716	1712.899	1715.861	2092.245	4.082	6304.07
1977 September	346.875	974.452	210.952	721.805	2002.451	2737.107	1644.563	1647.372	1875.895	2.788	6083.524
1977 October	476.104	1018.153	266.787	736.815	2104.433	2851.468	1666.93	1669.798	1761.98	-0.212	6276.021
1977 November	643.115	1173.632	342.382	809.447	2079.426	2853.192	1647.406	1650.399	1774.34	2.022	6488.691
1977 December	1035.933	1708.154	527.344	1033.847	2154.48	2944.423	1751.465	1754.664	1971.866	4.684	7445.772
1978 January	1205.053	2000.053	592.83	1130.769	2140.287	2935.009	1648.556	1651.746	2130.852	7.383	7724.961
1978 February	1210.296	1924.551	599.04	1081.65	1782.465	2462.234	1576.475	1579.264	1879.423	7.935	7055.634
1978 March	1021.338	1696.087	522.942	1007.467	1780.657	2494.343	1762.251	1765.033	1875.744	6.438	6969.369
1978 April	670.843	1206.671	336.272	775.855	1798.95	2521.259	1668.784	1671.216	1700.153	-1.444	6173.557
1978 May	541.681	1081.209	281.476	765.406	1881.947	2712.974	1784.235	1786.987	1857.237	-4.87	6341.706
1978 June	391.921	1006.572	221.655	763.584	1800.105	2642.119	1741.375	1744.207	2001.427	-3.526	6152.956
1978 July	343.489	1091.233	199.133	793.815	1913.155	2736.671	1721.157	1724.251	2169.036	-2.243	6343.727
1978 August	354.94	1118.362	211.479	806.325	1931.196	2772.882	1799.173	1802.121	2202.903	-0.136	6499.555
1978 September	366.276	1037.052	215.212	748.418	1880.9	2650.587	1654.273	1657.069	1976.464	-1.917	6091.208
1978 October	480.489	1050.203	271.878	763.629	2087.016	2881.357	1735.024	1737.709	1858.491	-4.305	6428.593
1978 November	670.532	1223.173	348.814	839.772	2087.009	2902.769	1722.793	1725.772	1862.337	-2.324	6689.161
1978 December	1003.088	1692.701	508.213	1035.578	2159.852	2978.896	1768.665	1771.69	2039.047	0.627	7479.492
1979 January	1243.537	2087.712	652.366	1217.848	2221.812	3046.493	1736.055	1739.367	2237.651	4.63	8096.05
1979 February	1242.258	1987.811	645.78	1148.996	1857.958	2601.203	1669.22	1671.974	1994.768	3.509	7413.492
1979 March	942.975	1608.938	502.71	995.691	1933.132	2716.638	1833.211	1835.958	1945.198	-2.209	7155.015
1979 April	682.686	1240.043	369.419	829.144	1793.999	2572.446	1650.616	1653.147	1798.06	-3.728	6291.051
1979 May	491.742	1030.974	272.952	765.782	1970.01	2816.628	1738.592	1741.283	1881.371	-3.312	6351.355
1979 June	370.212	956.854	215.857	750.387	1912.086	2763.461	1674.656	1677.392	1975.284	-1.303	6146.792
1979 July	328.246	1038.818	192.819	780.939	1937.419	2798.07	1659.04	1661.98	2162.284	0.764	6280.572
1979 August	326.347	1087.877	197.128	788.034	2027.441	2872.964	1743.57	1746.596	2200.984	1.346	6496.817
1979 September	330.04	973.422	202.778	727.181	1960.939	2726.214	1628.985	1631.795	1935.87	-2.318	6056.294
1979 October	444.419	1016.045	263.347	779.738	2188.98	3014.256	1735.36	1738.242	1916.175	-1.287	6546.994
1979 November	627.707	1205.234	359.719	855.849	2162.082	2974.3	1642.999	1645.91	1888.785	1.5	6682.793
1979 December	888.74	1576.952	490.968	1009.706	2226.201	3023.08	1724.954	1727.893	2006.768	3.973	7341.604
1980 January	1051.683	1826.947	561.73	1102.43	2162.732	2957.907	1679.975	1683.412	2114.576	-1.359	7569.338
1980 February	1061.133	1779.042	555.977	1061.492	1896.368	2658.723	1626.026	1629.048	1988.801	-1.199	7127.106
1980 March	915.095	1603.835	479.81	986.711	1961.605	2748.129	1687.585	1690.604	1985.185	-3.897	7025.383
1980 April	637.93	1209.233	337.577	799.022	1734.641	2484.338	1674.912	1677.628	1785.161	-7.623	6162.598
1980 May	467.967	1016.289	250.653	750.53	1788.551	2595.274	1653.083	1656.148	1857.988	-6.87	6011.371
1980 June	365.813	1003.445	209.245	765.708	1702.985	2517.169	1587.224	1590.303	2011.359	-0.753	5875.872
1980 July	307.459	1163.408	178.998	821.063	1686.134	2503.659	1641.318	1644.729	2318.95	5.864	6138.724
1980 August	288.127	1168.734	173.449	804.422	1695.361	2486.699	1597.687	1600.924	2306.155	5.762	6066.541
1980 September	312.789	1041.657	195.086	756.043	1832.607	2578.643	1591.445	1594.546	2038.964	3.337	5974.226
1980 October	439.423	1043.756	265.636	784.572	2035.541	2812.166	1676.766	1679.806	1902.933	0.34	6320.64
1980 November	637.694	1226.25	368.526	878.078	1986.506	2773.898	1541.482	1544.591	1888.61	1.225	6424.042
1980 December	953.685	1670.298	528.616	1071.372	2110.658	2918.559	1699.934	1703.29	2070.626	4.095	7367.613
1981 January	1174.827	2014.965	616.398	1189.09	1967.417	2728.047	1705.613	1708.834	2176.681	2.441	7643.376
1981 February	991.369	1683.398	499.186	1001.534	1590.369	2293.368	1507.877	1510.657	1900.157	-0.379	6488.579
1981 March	787.885	1440.933	404.505	929.019	1823.64	2600.476	1639.094	1642.089	1957.393	-1.95	6610.567
1981 April	537.055	1108.806	281.973	778.621	1634.294	2399.475	1592.15	1594.921	1836.351	-2.454	5879.369
1981 May	429.705	996.568	229.946	767.594	1752.369	2558.023	1617.244	1620.232	1913.153	1.333	5943.749
1981 June	328.956	1011.218	188.283	804.96	1659.204	2529.46	1647.729	1650.824	2172.29	3.145	5999.608
1981 July	293.769	1125.714	169.529	833.334	1725.833	2578.251	1670.817	1674	2351.351	1.082	6212.381
1981 August	286.7	1086.1	183.101	818.557	1756.884	2575.742	1632.938	1635.993	2256.77	0.172	6116.564
1981 September	298.618	951.551	186.048	761.759	1758.577	2517.445	1593.675	1596.553	1990.389	-2.482	5824.826
1981 October	456.553	1049.961	269.243	817.339	1889.943	2664.389	1614.494	1617.451	1918.907	-1.508	6147.633
1981 November	593.227	1180.761	334.828	861.946	1795.045	2543.088	1554.787	1557.822	1865.731	-1.118	6142.499
1981 December	865.253	1605.626	474.188	1054.628	1963.527	2724.461	1699.994	1703.273	2085.025	4.475	7092.463
1982 January	1145.192	2037.891	598.217	1213.657	1891.91	2628.64	1569.717	1573.214	2248.365	-0.756	7452.645
1982 February	1010.225	1742.925	521.585	1058.109	1519.065	2184.459	1490.778	1493.75	1937.589	-3.769	6475.473
1982 March	843.13	1533.826	445.965	1001.867	1646.678	2383.021	1630.215	1633.336	1986.063	-3.589	6548.462
1982 April	681.212	1294.481	359.443	879.979	1523.994	2224.421	1647.06	1649.936	1837.108	-3.908	6044.908
1982 May	426.786	1009.215	228.973	783.439	1465.155	2206.428	1607.643	1610.761	1881.286	-2.769	5607.074
1982 June	332.526	968.998	179.078	775.948	1481.185	2230.655	1599.434	1602.435	1985.813	-1.026	5577.011
1982 July	297.513	1104.857	167.183	842.77	1506.7	2276.115	1609.88	1613.137	2255.603	3.636	5840.514
1982 August	288.456	1099.316	178.246	830.961	1561.854	2296.163	1589.819	1592.794	2200.859	3.511	5822.744
1982 September	335.39	1022.053	204.404	803.278	1525.442	2178.64	1544.621	1547.573	1941.688	2.017	5553.562
1982 October	410.105	1005.641	231.512	793.597	1674.699	2362.924	1563.52	1566.54	1848.866	1.842	5730.544
1982 November	563.214	1168.342	310.041	860.49	1660.337	2364.299	1583.369	1586.483	1862.653	3.436	5983.05
1982 December	812.927	1539.935	439.895	1018.715	1594.942	2279.362	1616.719	1619.863	1993.393	5.566	6463.441
1983 January	1112.526	1922.144	580.841	1170.237	1636.969	2307.397	1507.366	1511.252	2073.327	1.437	6912.467
1983 February	893.156	1580.016	474.705	992.963	1500.342	2123.766	1370.641	1374.025	1831.926	-0.818	6069.952
1983 March	810.14	1490.168	434.001	989.125	1584.335	2279.943	1672.204	1675.889	1934.444	1.207	6436.333
1983 April	651.687	1273.99	357.878	874.034	1519.482	2188.932	1537.664	1540.887	1811.133	-4.007	5873.836
1983 May	451.316	1034.261	242.057	784.674	1526.165	2262.386	1614.977	1618.355	1865.162	-2.151	5697.525
1983 June	336.296	978.628	192.917	798.325	1476.043	2260.918	1638.745	1642.167	2036.037	2.481	5682.518
1983 July	296.461	1141.32	182.486	876.245	1498.866	2300.968	1620.916	1624.692	2344.494	3.458	5946.682
1983 August	294.629	1213.98	191.835	893.428	1536.959	2353.518	1663.509	1667.249	2441.243	4.961	6133.137
1983 September	297.488	1056.284	192.804	802.188	1516.529	2238.222	1603.331	1606.672	2093.214	0.974	5704.341
1983 October	363.019	976.307	227.98	800.678	1547.223	2310.584	1616.502	1619.832	1952.677	-1.831	5705.57
1983 November	517.041	1130.908	308.368	867.582	1588.405	2360.477	1579.921	1583.394	1948.627	-2.28	5940.081
1983 December	809.371	1625.005	454.841	1089.032	1615.947	2442.541	1708.329	1712.182	2280.271	-0.635	6868.125
1984 January	1200.03	2129.572	629.189	1261.425	1903.291	2642.979	1619.193	1623.344	2305.616	1.898	7659.216
1984 February	935.095	1675.856	491.6	1054.985	1707.92	2418.941	1475.218	1478.84	2018.788	-0.296	6628.326
1984 March	865.955	1589.806	462.728	1056.81	1783.16	2570.505	1642.998	1647.003	2109.281	-0.181	6863.942
1984 April	677.707	1291.656	364.644	903.717	1713.246	2460.433	1622.215	1625.737	1903.732	-6.158	6275.386
1984 May	484.98	1108.134	263.734	855.432	1700.608	2519.4	1693.894	1697.791	2037.542	-4.567	6176.19
1984 June	348.43	1052.346	195.621	856.591	1602.28	2454.306	1662.312	1666.333	2220.934	1.833	6031.41
1984 July	311.54	1132.58	188.926	894.979	1623.718	2448.97	1677.717	1681.849	2356.478	2.441	6160.819
1984 August	312.346	1168.674	200.546	912.823	1648.252	2515.35	1723.121	1727.355	2439.937	3.865	6328.067
1984 September	322.161	1028.098	207.584	833.174	1572.42	2313.561	1587.621	1591.241	2076.288	-0.048	5766.025
1984 October	384.254	1008.054	234.912	847.023	1654.86	2440.579	1664.646	1668.474	2025.458	1.732	5965.862
1984 November	548.468	1187.911	317.824	915.949	1608.097	2379.917	1615.697	1619.644	2013.334	1.232	6104.652
1984 December	820.949	1582.196	443.792	1052.454	1655.274	2408.154	1623.955	1627.965	2126.798	1.042	6671.81
1985 January	1038.664	1953.435	520.771	1187.349	1786.702	2591.591	1643.621	1647.801	2390.419	2.025	7382.202
1985 February	1105.351	1913.52	549.463	1127.949	1640.557	2337.967	1501.243	1504.787	2087.61	0.451	6884.675
1985 March	809.187	1516.21	409.438	994.251	1641.672	2395.138	1674.539	1678.228	2048.99	-1.12	6582.706
1985 April	599.29	1206.396	302.316	868.993	1605.119	2355.024	1682.269	1685.978	1927.396	-5.449	6110.942
1985 May	402.673	1014.664	210.6	836.259	1606.751	2428.082	1730.5	1734.382	2062.864	-3.297	6010.09
1985 June	339.028	1035.519	176.102	839.208	1535.402	2349.195	1657.042	1660.861	2177.209	0.532	5885.315
1985 July	315.682	1149.519	176.884	912.32	1578.611	2407.347	1716.839	1720.91	2402.079	1.682	6191.778
1985 August	315.269	1156.849	180.473	907.194	1600.891	2425.344	1767.675	1771.71	2396.789	1.102	6262.2
1985 September	324.773	1064.453	188.288	839.351	1519.679	2264.185	1592.733	1596.404	2138.921	-0.711	5763.682
1985 October	414.072	1055.261	232.13	859.413	1621.012	2400.529	1712.752	1716.489	2051.726	-0.38	6031.312
1985 November	537.897	1180.795	295.854	912.821	1561.04	2329.738	1636.884	1640.877	2032.555	-0.821	6063.41
1985 December	950.331	1795.12	491.346	1168.883	1743.078	2528.496	1725.37	1729.485	2311.86	2.083	7224.067
1986 January	1079.456	1981.74	558.282	1208.938	1820.646	2552.052	1652.815	1656.988	2288.518	-0.059	7399.658
1986 February	944.488	1684.176	496.167	1084.682	1648.687	2347.777	1505.295	1509.074	2031.073	-1.462	6624.247
1986 March	826.884	1539.834	425.672	1017.71	1731.222	2481.556	1740.552	1744.494	2059.263	-3.424	6780.17
1986 April	563.26	1180.938	297.258	871.68	1598.219	2345.154	1718.976	1722.59	1942.65	-6.581	6113.781
1986 May	429.552	1057.117	228.097	861.909	1611.23	2418.761	1765.977	1770.133	2073.064	-4.633	6103.287
1986 June	324.679	1057.373	180.429	901.532	1526.697	2325.066	1730.903	1735.06	2256.323	0.736	6019.767
1986 July	306.932	1249.832	176.494	968.962	1482.7	2310.835	1817.214	1821.882	2568.17	6.514	6358.024
1986 August	306.457	1187.564	181.861	912.615	1520.808	2293.246	1825.88	1830.078	2388.496	4.21	6227.713
1986 September	313.691	1049.093	182.512	867.448	1469.769	2233.483	1665.849	1669.904	2188.107	2.535	5822.464
1986 October	399.736	1078.56	227.429	868.027	1534.478	2303.982	1787.709	1791.715	2092.932	1.615	6043.899
1986 November	559.769	1229.547	300.257	936.285	1497.139	2262.122	1689.695	1693.472	2074.566	1.542	6122.967
1986 December	852.497	1675.117	438.709	1110.799	1635.875	2399.26	1839.057	1843.4	2262.436	2.459	7031.035
1987 January	1012.932	1931.481	529.384	1206.352	1871.957	2615.353	1716.571	1720.934	2343.276	2.33	7476.45
1987 February	925.746	1681.156	489.3	1086.185	1666.641	2347.609	1612.861	1616.725	2037.128	0.487	6732.162
1987 March	818.442	1554.99	431.63	1054.327	1637.124	2389.077	1767.854	1771.882	2115.226	0.431	6770.707
1987 April	603.744	1250.069	318.181	913.464	1632.548	2374.998	1779.837	1783.711	1987.932	-4.467	6317.775
1987 May	410.234	1079.592	223.906	900.659	1584.017	2395.457	1824.711	1828.945	2161.784	-1.566	6203.087
1987 June	326.908	1112.209	182.765	924.903	1594.861	2432.019	1806.681	1811.055	2368.97	3.673	6283.858
1987 July	314.036	1268.777	186.235	988.738	1639.345	2489.109	1876.051	1880.589	2611.546	3.271	6630.484
1987 August	297.592	1271.368	176.639	962.391	1615.376	2450.339	1826.751	1831.196	2598.937	3	6518.294
1987 September	321.32	1079.85	199.802	891.913	1601.532	2381.24	1771.436	1775.383	2234.295	-0.844	6127.542
1987 October	452.286	1104.985	261.461	922.516	1687.55	2483.461	1853.943	1857.96	2113.682	-2.513	6366.409
1987 November	582.158	1243.133	323.157	960.669	1624.352	2416.203	1725.532	1729.639	2094.444	-3.52	6346.123
1987 December	858.959	1686.844	452.069	1135.19	1797.286	2601.464	1856.546	1860.857	2319.495	-2.814	7281.541
1988 January	1149.208	2133.93	574.874	1286.666	1786.205	2567.198	1810.703	1814.99	2481.795	1.352	7804.136
1988 February	1021.545	1859.792	527.806	1181.152	1751.242	2500.869	1766.131	1770.153	2245.242	-0.116	7311.849
1988 March	854.493	1630.123	448.14	1107.737	1855.658	2643.031	1918.446	1922.493	2226.646	-2.458	7300.926
1988 April	605.016	1260.376	322.488	951.389	1637.273	2403.707	1837.816	1841.677	2054.556	-3.261	6453.888
1988 May	455.883	1108.817	247.486	923.512	1682.513	2519.327	1841.531	1845.667	2169.909	-2.639	6394.683
1988 June	333.438	1121.331	200.952	973.082	1656.133	2529.722	1880.414	1884.918	2438.117	2.801	6511.855
1988 July	319.541	1312.656	204.134	1044.33	1655.534	2526.482	1858.447	1863.132	2708.943	3.642	6750.241
1988 August	316.005	1373.343	211.143	1064.653	1757.972	2651.49	1892.15	1896.835	2809.051	6.214	6992.534
1988 September	325.603	1116.235	204.256	924.294	1689.406	2480.476	1819.172	1823.307	2305.875	0.59	6344.903
1988 October	452.908	1134.134	258.954	949.334	1800.131	2618.111	1886.914	1891.139	2193.811	-1.64	6591.078
1988 November	622.158	1317.127	336.266	1000.426	1748.798	2558.648	1829.199	1833.316	2173.096	-1.326	6708.19
1988 December	901.408	1765.873	457.544	1172.96	1840.596	2675.79	1925.679	1930.081	2419.477	0.207	7544.911
1989 January	1035.088	1972.897	514.558	1234.969	1794.441	2614.631	1815.885	1820.264	2482.788	0.669	7643.429
1989 February	992.648	1847.709	502.585	1192.741	1687.409	2485.97	1702.505	1706.618	2347.891	0.468	7233.507
1989 March	909.131	1771.283	468.921	1187.737	1827.281	2656.472	1927.383	1931.752	2414.529	-1.534	7545.711
1989 April	629.059	1339.662	333.416	1011.908	1688.246	2509.116	1802.664	1806.738	2214.039	-3.201	6664.223
1989 May	457.989	1174.657	248.753	989.519	1687.944	2590.142	1881.606	1886.07	2364.096	-1.242	6639.146
1989 June	353.543	1175.167	209.597	1013.67	1686.341	2594.019	1908.031	1912.681	2538.026	1.813	6697.351
1989 July	321.322	1320.751	197.82	1074.132	1668.541	2588.804	1867.605	1872.51	2800.908	3.467	6859.664
1989 August	331.222	1320.055	209.535	1077.647	1743.63	2673.861	1950.23	1955.06	2792.005	4.877	7031.499
1989 September	346.81	1181.065	208.248	979.371	1680.92	2524.945	1792.795	1797.13	2453.739	2.035	6484.546
1989 October	453.8	1183.297	252.528	995.903	1792.159	2679.428	1932.211	1936.657	2364.586	-1.246	6794.037
1989 November	643.024	1381.656	346.352	1070.329	1766.725	2639.233	1848.352	1852.756	2339.522	-0.406	6943.568
1989 December	1093.583	2117.407	551.192	1366.807	1849.593	2761.509	1994.849	1999.713	2756.22	3.298	8248.735
1990 January	999.025	2018.869	524.335	1270.437	1855.24	2658.646	1863.258	1867.538	2573.631	-2.534	7812.956
1990 February	834.174	1640.31	449.901	1140.556	1668.682	2475.468	1750.469	1754.562	2307.669	-3.849	7007.047
1990 March	740.345	1559.289	411.614	1150.866	1802.339	2677.145	1921.957	1926.259	2437.304	-4.15	7309.408
1990 April	572.899	1299.971	335.794	1041.435	1763.738	2613.802	1815.231	1819.359	2286.906	-3.138	6771.43
1990 May	411.528	1143.417	249.967	1019.587	1751.069	2667.656	1917.779	1922.339	2422.657	-2.63	6750.369
1990 June	317.882	1195.683	216.316	1072.429	1676.565	2635.322	1850.438	1855.261	2697.495	1.075	6759.771
1990 July	288.3	1335.231	218.567	1130.453	1734.192	2669.159	1892.539	1897.681	2898.925	3.917	7036.44
1990 August	295.546	1323.605	217.992	1136.744	1830.311	2806.563	2007.6	2012.642	2928.105	3.972	7283.526
1990 September	301.922	1214.962	219.404	1034.293	1741.634	2606.287	1755.919	1760.328	2596.99	2.173	6618.043
1990 October	394.912	1161.115	255.79	1030.37	1824.289	2726.313	1891.593	1895.943	2447.157	-1.335	6812.406
1990 November	560.598	1291.739	335.344	1055.064	1740.744	2594.992	1833.589	1837.635	2309.155	-3.001	6776.429
1990 December	840.428	1752.039	461.401	1241.998	1790.646	2682.335	1865.839	1870.097	2588.154	0.165	7546.634
1991 January	1081.775	2137.647	571.965	1366.764	1896.933	2754.415	1815.397	1819.779	2712.536	0.055	8078.661
1991 February	856.738	1686.339	469.163	1152.726	1598.574	2369.565	1656.087	1659.908	2287.976	-1.8	6866.738
1991 March	765.787	1599.772	418.815	1153.489	1682.692	2527.697	1862.147	1866.298	2417.813	-3.19	7144.065
1991 April	543.492	1269.986	318.908	1026.76	1621.63	2457.714	1783.814	1787.944	2274.56	-1.68	6540.723
1991 May	391.816	1183.085	241.236	1055.351	1623.19	2568.689	1846.302	1851.159	2555.74	0.93	6659.213
1991 June	306.699	1229.184	204.847	1070.148	1622.881	2543.272	1852.107	1856.886	2712.955	3.02	6702.509
1991 July	292.759	1389.099	217.389	1146.986	1704.164	2653.898	1903.9	1908.977	2980.748	3.908	7102.867
1991 August	283.728	1341.414	203.236	1122.28	1758.129	2716.164	1928.724	1933.768	2939.808	4.075	7117.701
1991 September	297.23	1184.323	206.369	1018.9	1798.97	2661.352	1792.541	1796.929	2566.394	0.721	6662.225
1991 October	401.937	1163.822	260.171	1036.452	1858.684	2753.945	1905.951	1910.102	2437.577	-1.496	6862.825
1991 November	647.916	1436.683	357.912	1103.721	1800.855	2671.861	1796.792	1800.883	2409.674	-2.034	7011.114
1991 December	877.209	1797.721	475.982	1248.307	1856.998	2719.096	1921.067	1925.381	2559.25	-1.914	7688.591
1992 January	1021.268	2043.664	537.754	1314.782	1922.792	2787.063	1840.143	1844.464	2668.016	-1.018	7988.956
1992 February	903.382	1768.798	475.928	1179.044	1737.171	2546.828	1751.841	1755.798	2382.146	-2.762	7247.705
1992 March	776.563	1598.684	419.646	1160.68	1834.231	2718.27	1874.552	1878.759	2451.401	-2.809	7353.583
1992 April	611.751	1356.808	345.587	1052.211	1749.889	2600.92	1833.997	1838.055	2306.77	-1.997	6845.997
1992 May	414.974	1144.439	251.917	1014.124	1739.557	2649.251	1891.008	1895.385	2405.742	-0.796	6702.403
1992 June	323.69	1136.537	206.485	1037.381	1748.601	2706.413	1832.747	1837.282	2606.091	1.708	6719.321
1992 July	297.171	1326.188	205.874	1124.119	1804.759	2789.071	1915.996	1920.87	2936.448	4.024	7164.272
1992 August	282.438	1270.478	202.589	1079.479	1810.386	2767.484	1908.24	1912.897	2826.686	3.073	7033.411
1992 September	316.615	1175.695	215.883	1038.574	1761.48	2666.507	1799.482	1804.045	2591.361	2.073	6686.894
1992 October	423.276	1177.479	258.466	1024.908	1880.943	2778.788	1921.785	1925.975	2422.68	-0.268	6906.881
1992 November	630.259	1411.944	358.793	1105.64	1852.416	2755.878	1806.994	1811.159	2436.16	-1.075	7083.547
1992 December	948.548	1945.773	512.176	1311.462	1913.599	2801.398	1985.97	1990.374	2688.715	0.203	8049.21
1993 January	1049.987	2098.318	531.188	1333.759	1838.812	2702.751	1778.251	1782.654	2719.243	-1.95	7915.532
1993 February	975.556	1870.661	512.181	1244.273	1773.643	2594.211	1716.886	1721.018	2451.897	-2.588	7427.575
1993 March	920.756	1840.995	484.493	1257.53	1914.003	2794.426	1924.889	1929.145	2577.956	-2.079	7820.018
1993 April	629.826	1382.015	349.405	1070.936	1743.195	2594.748	1862.587	1866.613	2329.299	-3.497	6910.814
1993 May	395.433	1122.555	233.074	1016.285	1664.314	2592.152	1921.995	1926.233	2442.409	-3.222	6654.004
1993 June	323.334	1210.63	205.844	1087.208	1701.987	2678.51	1869.403	1874.057	2749.836	0.365	6850.77
1993 July	295.573	1468.013	201.623	1175.633	1752.225	2735.59	1928.844	1933.656	3134.628	3.784	7316.676
1993 August	292.318	1455.818	197.093	1164.354	1795.367	2776.513	1935.789	1940.623	3116.742	3.728	7341.037
1993 September	305.347	1230.444	198.632	1032.291	1808.04	2673.759	1881.522	1885.927	2628.879	0.001	6822.421
1993 October	408.107	1188.889	241.173	1038.738	1934.488	2835.972	1925.623	1930.092	2484.3	-2.088	6991.603
1993 November	633.591	1448.568	344.662	1114.352	1906.391	2816.014	1907.383	1911.722	2498.63	-1.55	7289.107
1993 December	915.88	1901.625	473.794	1285.127	1919.389	2830.549	2005.457	2009.957	2712.737	-1.394	8025.864
1994 January	1190.852	2341.904	609.165	1443.088	2038.919	2931.488	1872.109	1876.784	2882.22	0.211	8593.475
1994 February	1051.467	1982.766	553.53	1289.003	1872.179	2681.875	1794.284	1798.498	2480.682	-2.279	7749.864
1994 March	827.057	1708.91	453.943	1234.261	1886.496	2777.396	1949.654	1954.092	2557.508	-2.341	7672.318
1994 April	553.874	1308.67	320.101	1073.526	1802.589	2680.117	1923.469	1927.673	2389.952	-2.807	6987.179
1994 May	403.169	1168.493	242.78	1049.9	1756.943	2710.079	1963.532	1967.951	2530	-1.889	6894.535
1994 June	302.71	1280.655	209.56	1155.114	1772.481	2783.023	1943.784	1948.788	2939.045	2.892	7170.472
1994 July	275.669	1441.037	204.48	1184.238	1815.097	2792.118	1973.195	1978.222	3127.173	3.564	7399.179
1994 August	280.327	1371.345	200.158	1168.786	1856.282	2868.588	2064.188	2069.175	3076.939	3.539	7481.432
1994 September	285.829	1178.574	194.846	1047.28	1843.752	2760.146	1899.076	1903.581	2666.078	0.463	6890.044
1994 October	389.676	1169.459	243.451	1062.609	1928.498	2867.165	1976.576	1981.137	2542.169	-1.17	7079.2
1994 November	566.447	1353.297	327.575	1115.7	1859.139	2786.976	1899.306	1903.787	2507.293	-3.164	7156.597
1994 December	850.003	1802.854	457.017	1276.567	1958.893	2880.897	2050.822	2055.432	2699.016	-2.717	8013.033
1995 January	1028.89	2087.708	540.117	1378.955	1931.635	2828.324	1930.551	1935.088	2798.883	-0.762	8229.313
1995 February	960.21	1867.027	521.72	1282.262	1824.276	2653.638	1798.091	1802.265	2500.895	-2.034	7603.159
1995 March	787.364	1659.634	438.607	1246.917	1897.586	2807.906	2033.304	2037.699	2595.295	-2.767	7749.39
1995 April	589.657	1337.887	341.68	1116.773	1845.403	2738.669	1919.432	1923.614	2420.771	-3.04	7113.902
1995 May	415.826	1216.792	257.37	1103.473	1849.675	2822.138	2013.352	2017.789	2623.97	-1.364	7158.828
1995 June	306.99	1256.589	204.454	1137.746	1816.852	2804.624	2033.541	2038.244	2875.365	2.137	7239.339
1995 July	271.295	1494.526	197.055	1260.309	1869.387	2888.652	1979.125	1984.222	3310.846	6.147	7633.855
1995 August	260.807	1593.848	201.419	1284.173	1929.732	2977.569	2057.906	2063.092	3468.818	7.198	7925.88
1995 September	281.908	1264.35	204.565	1100.245	1899.201	2799.255	1974.91	1979.645	2782.912	0.667	7144.162
1995 October	375.285	1193.992	248.141	1125.172	1938.518	2879.931	2029.637	2034.249	2641.763	-0.27	7233.074
1995 November	673.312	1525.023	396.497	1231.786	1922.288	2837.931	1983.283	1987.801	2607.161	-1.846	7580.696
1995 December	982.897	2025.096	548.919	1423.772	1993.522	2923.71	2042.728	2047.36	2851.871	-0.919	8419.018
1996 January	1172.45	2360.113	605.481	1483.063	2046.256	2952.553	1984.184	1988.694	2976.053	-0.865	8783.559
1996 February	1057.035	2074.385	559.512	1375.364	1883.405	2756.669	1902.454	1906.704	2710.716	-2.074	8111.049
1996 March	912.159	1867.533	491.53	1333.552	2019.268	2951.015	2045.642	2049.95	2733.451	-2.824	8199.226
1996 April	647.999	1457.257	371.094	1164.674	1855.668	2746.874	1998.96	2003.115	2498.199	-3.098	7368.821
1996 May	430.91	1307.598	258.456	1176.779	1872.857	2892.031	2088.976	2093.638	2818.848	-0.427	7469.619
1996 June	314.877	1352.374	206.255	1187.625	1889.422	2899.163	2006.725	2011.443	3033.326	2.047	7452.652
1996 July	273.128	1498.558	197.781	1246.571	1899.277	2922.282	2088.028	2092.904	3302.101	4.515	7764.83
1996 August	271.785	1472.285	196.126	1254.853	1963.807	2996.359	2142.976	2147.911	3296.713	5.206	7876.614
1996 September	294.056	1265.879	198.916	1128.425	1869.065	2806.888	1945.802	1950.598	2843.951	1.787	7153.578
1996 October	419.639	1251.343	258.983	1150.564	2098.291	3076.259	2141.226	2145.758	2705.786	0.633	7624.558
1996 November	709.203	1585.844	400.812	1263.496	1998.079	2951.739	1997.453	2001.908	2697.44	0.007	7802.993
1996 December	961.326	2003.324	528.618	1411.293	2013.227	2952.408	2042.038	2046.559	2868.374	-0.591	8412.993
1997 January	1140.688	2297.663	603.171	1526.831	2098.732	3014.248	1988.38	1992.845	3000.615	0.065	8831.651
1997 February	952.42	1880.264	524.54	1330.496	1872.752	2713.103	1869.364	1873.402	2578.19	-2.762	7794.504
1997 March	788.591	1693.385	456.724	1329.049	1984.405	2909.561	2059.671	2063.87	2706.475	-3.345	7992.52
1997 April	599.112	1388.352	357.156	1196.166	1966.169	2880.86	2065.03	2069.13	2547.041	-3.643	7530.864
1997 May	431.927	1243.872	280.125	1187.322	1942.997	2935.632	2113.605	2118.007	2716.18	-0.547	7484.286
1997 June	307.741	1268.436	228.398	1241.802	1880.338	2906.262	2049.335	2054.017	3004.705	2.735	7473.251
1997 July	272.8	1556.227	221.399	1369.906	1955.188	2995.859	2166.099	2171.238	3477.746	5.588	8098.819
1997 August	266.344	1485.087	216.192	1304.223	1961.765	3003.847	2114.617	2119.568	3353.807	4.813	7917.538
1997 September	278.238	1299.844	217.088	1222.398	1911.427	2883.226	2007.092	2011.9	3003.522	2.647	7420.015
1997 October	390.461	1297.096	269.047	1230.45	2072.772	3033.085	2117.78	2122.471	2833.043	1.488	7684.591
1997 November	665.055	1543.166	394.616	1281.734	1968.437	2905.351	2023.939	2028.354	2706.556	-1.263	7757.341
1997 December	937.324	2008.955	527.147	1464.78	2070.035	3014.372	2121.993	2126.495	2958.102	0.36	8614.962
1998 January	1013.547	2130.876	558.247	1486.869	2042.784	2946.389	2049.734	2054.198	2954.019	-2.148	8616.184
1998 February	867.119	1770.686	487.554	1316.154	1833.079	2699.082	1867.182	1871.07	2602.058	-4.2	7652.792
1998 March	832.571	1793.397	464.565	1385.501	1959.679	2908.178	2089.947	2094.313	2834.626	-3.725	8177.663
1998 April	557.546	1362.054	336.113	1206.867	1894.938	2813.01	2137.183	2141.274	2597.424	-5.167	7518.038
1998 May	370.479	1286.09	249.12	1265.759	1874.691	2934.094	2093.272	2097.981	2996.362	-1.36	7582.564
1998 June	290.691	1439.549	209.679	1318.056	1812.521	2864.596	2091.824	2096.738	3314.226	3.583	7722.523
1998 July	266.17	1679.462	213.722	1406.004	1939.423	2976.622	2210.475	2215.436	3647.734	6.664	8284.188
1998 August	255.129	1616.22	216.415	1397.249	1975.823	3035.089	2173.593	2178.677	3606.275	6.464	8233.699
1998 September	247.526	1393.639	205.257	1281.924	1899.581	2864.809	2073.406	2078.425	3193.026	3.46	7622.257
1998 October	354.731	1282.377	251.936	1221.426	1994.423	2938.067	2172.029	2176.52	2845.272	-1.649	7616.742
1998 November	552.326	1372.225	345.453	1250.651	1899.882	2831.826	2057.8	2062.306	2661.546	-3.03	7513.978
1998 December	803.191	1833.041	466.921	1432.067	2048.437	3021.139	2188.595	2193.103	2972.205	-2.261	8477.089
1999 January	1134.478	2368.786	591.041	1575.934	1989.36	2912.179	2058.152	2062.774	3146.643	-0.287	8919.388
1999 February	885.88	1829.531	503.708	1402.68	1786.923	2673.364	1908.937	1913.255	2733.381	-2.439	7816.391
1999 March	867.057	1879.336	485.983	1449.17	1911.981	2882.981	2163.51	2168.144	2951.101	-1.905	8377.726
1999 April	577.405	1450.178	338.199	1278.828	1853.527	2822.622	2111.064	2115.522	2786.954	-2.961	7664.188
1999 May	379.616	1288.428	245.358	1273.657	1824.584	2878.792	2185.447	2190.33	2996.202	-0.467	7630.74
1999 June	301.292	1411.658	212.015	1336.758	1833.622	2889.699	2165.237	2170.275	3296.222	4.148	7812.537
1999 July	269.885	1711.604	201.793	1463.593	1870.685	2959.078	2230.882	2236.483	3797.512	6.991	8377.75
1999 August	264.025	1675.504	207.138	1409.925	1979.59	3037.744	2251.081	2256.303	3677.642	6.286	8385.762
1999 September	281.889	1364.217	204.793	1240.103	1961.814	2905.751	2101.716	2106.497	3066.356	2.361	7618.928
1999 October	398.085	1281.494	258.843	1248.236	1979.208	2939.973	2248.834	2253.54	2838.272	-0.519	7722.724
1999 November	542.056	1386.027	329.838	1250.147	1930.512	2884.068	2119.512	2124.013	2722.337	-2.39	7641.865
1999 December	870.941	1912.211	475.01	1446.724	2026.784	2971.687	2347.876	2352.309	2962.321	-2.528	8680.404
2000 January	1098.095	2347.879	572.95	1621.327	1924.614	2906.118	2075.744	2080.72	3284.641	-0.408	8955.636
2000 February	985.175	2050.595	529.993	1489.02	1883.649	2799.341	2070.134	2074.715	2944.72	-1.812	8411.858
2000 March	740.199	1707.398	445.012	1462.639	1921.064	2930.012	2201.012	2205.765	2998.527	-2.494	8303.319
2000 April	564.463	1429.03	338.639	1315.26	1800.538	2780.906	2152.72	2157.252	2826.088	-3.94	7678.507
2000 May	382.12	1381.628	257.49	1395.197	1923.368	3009.151	2244.455	2249.742	3228.283	-0.617	8035.1
2000 June	299.545	1481.236	217.526	1389.751	1867.108	2914.794	2218.326	2223.546	3406.821	2.794	8012.12
2000 July	272.386	1627.582	207.632	1429.458	1855.505	2875.17	2298.602	2304.03	3602.115	3.511	8239.752
2000 August	286.165	1679.841	233.387	1496.049	1975.103	3037.25	2328.54	2334.193	3724.138	5.087	8552.419
2000 September	297.206	1412.7	225.341	1294.643	1890.702	2821.758	2166.361	2171.46	3120.952	1.351	7701.913
2000 October	409.346	1326.809	265.485	1281.203	1931.153	2875.938	2280.866	2285.675	2882.775	0.721	7770.346
2000 November	664.003	1580.542	384.832	1376.899	1873.386	2824.306	2163.785	2168.529	2864.27	-1.09	7949.186
2000 December	1157.586	2389.091	600.103	1624.966	1976.723	2893.446	2294.903	2299.664	3177.852	-0.808	9206.358
2001 January	1218.395	2566.678	628.864	1686.892	1948.827	2835.438	2142.187	2147.257	3297.992	-0.358	9235.907
2001 February	980.663	2014.719	528.728	1457.401	1772.06	2624.241	1982.363	1986.941	2819.488	-3.766	8079.536
2001 March	887.173	1915.611	479.995	1504.44	1907.453	2833.69	2228.042	2233.034	2984.113	-4.586	8482.19
2001 April	572.001	1466.149	342.521	1309.967	1813.845	2706.016	2165.305	2170.036	2758.496	-4.727	7647.44
2001 May	354.199	1282.632	234.636	1326.472	1786.361	2763.873	2261.279	2266.559	3003.061	-1.698	7637.838
2001 June	289.886	1413.452	205.359	1389.716	1704.889	2668.884	2182.896	2188.426	3277.448	0.827	7661.305
2001 July	275.799	1643.543	205.782	1469.334	1765.313	2707.709	2323.361	2328.954	3579.287	3.997	8153.538
2001 August	269.558	1711.555	208.586	1500.517	1833.242	2801.938	2288.294	2294.261	3708.59	4.514	8312.785
2001 September	272.446	1369.803	212.44	1319.726	1743.558	2599.348	2114.666	2120.242	3066.009	0.626	7409.744
2001 October	400.724	1330.913	265.935	1339.023	1901.226	2806.512	2246.752	2252.048	2913.858	-1.589	7726.907
2001 November	532.982	1416.505	317.381	1321.597	1809.447	2682.585	2128.54	2133.566	2765.903	-0.655	7553.598
2001 December	811.002	1899.668	454.668	1518.451	1806.152	2688.613	2155.71	2160.812	3040.013	1.336	8268.88
2002 January	1030.448	2293.562	544.006	1574.84	1920.175	2765.628	2161.984	2166.732	3144.149	-0.177	8800.585
2002 February	902.623	1915.636	494.285	1424.01	1712.731	2531.375	1992.163	1996.617	2765.836	-2.411	7865.227
2002 March	849.593	1904.414	465.345	1475.193	1850.537	2740.942	2246.021	2250.726	2959.779	-2.042	8369.232
2002 April	564.095	1507.436	340.441	1349.541	1801.431	2693.333	2213.875	2218.591	2849.06	-2.118	7766.783
2002 May	403.708	1386.234	262.012	1354.566	1817.797	2768.157	2295.717	2300.758	3030.481	-0.596	7809.118
2002 June	298.147	1517.187	210.813	1398.823	1760.491	2720.375	2253.951	2259.308	3372.291	2.847	7898.54
2002 July	267.945	1768.536	206.169	1496.608	1845.103	2834.196	2324.189	2329.751	3785.686	5.719	8434.812
2002 August	261.25	1733.821	205.757	1466.517	1834.54	2802.108	2341.599	2347.156	3706.457	4.876	8354.479
2002 September	267.933	1486.413	209.3	1364.543	1760.081	2647.342	2163.68	2168.908	3266.213	2.306	7669.512
2002 October	416.966	1422.738	278.951	1397.952	1831.015	2724.57	2262.078	2267.277	3023.527	-1.4	7811.137
2002 November	657.761	1642.827	385.008	1428.23	1839.699	2723.658	2224.577	2229.453	2917.122	-1.699	8022.469
2002 December	987.067	2205.682	530.228	1615.23	1824.256	2710.403	2305.392	2310.456	3194.826	-0.187	8841.583
2003 January	1205.679	2568.58	653.061	1733.942	1891.22	2777.663	2153.542	2160.168	3336.852	1.237	9241.591
2003 February	1101.784	2253.935	597.858	1545.429	1793.267	2619.095	2016.519	2022.197	2931.227	-2.321	8438.334
2003 March	877.733	1956.303	494.787	1497.723	1811.073	2696.779	2235.682	2241.901	2973.431	-3.023	8389.684
2003 April	582.221	1489.746	348.455	1323.803	1763.593	2666.87	2192.052	2197.701	2791.799	-3.658	7674.461
2003 May	398.63	1385.594	255.969	1333.019	1730.779	2681.94	2264.136	2270.27	3021.309	-1.008	7669.815
2003 June	298.104	1428.221	207.275	1349.905	1680.642	2642.546	2220.802	2226.906	3240.755	0.655	7648.233
2003 July	274.527	1711.138	209.144	1475.999	1801.581	2766.098	2315.087	2321.35	3674.245	3.679	8278.264
2003 August	267.023	1737.115	207.866	1478.509	1796.151	2785.953	2385.523	2391.982	3736.996	4.845	8398.404
2003 September	290.617	1463.505	217.293	1314.189	1750.48	2633.188	2195.01	2201.05	3158.531	1.156	7613.088
2003 October	400.839	1366.602	262.703	1338.781	1828.595	2764.247	2314.51	2320.763	2983.746	-0.807	7789.586
2003 November	581.25	1543.615	342.365	1370.763	1777.663	2701.217	2222.298	2228.4	2920.419	-1.415	7842.581
2003 December	955.312	2209.085	502.057	1587.149	1907.922	2820.253	2310.893	2317.49	3257.793	-0.513	8933.463
2004 January	1203.173	2596.092	634.75	1722.613	1915.632	2801.243	2230.64	2237.553	3373.306	0.609	9358.11
2004 February	1069.55	2266.846	590.821	1588.114	1862.066	2710.21	2169.959	2176.606	3049.38	-0.907	8740.869
2004 March	778.861	1840.014	453.96	1476.33	1896.893	2790.534	2328.568	2334.745	2983.341	-3.7	8437.922
2004 April	546.497	1457.74	340.07	1338.353	1831.203	2721.018	2280.985	2287.102	2805.456	-4.072	7800.14
2004 May	361.178	1395.148	247.372	1398.677	1841.877	2834.649	2339.941	2346.446	3184.553	-1.083	7973.837
2004 June	290.228	1517.292	211.809	1392.855	1811.514	2758.912	2312.84	2319.206	3361.874	0.859	7989.124
2004 July	272.178	1697.953	204.497	1477.998	1852.682	2828.293	2399.02	2405.931	3681.799	2.982	8413.157
2004 August	272.875	1649.098	206.214	1452.124	1881.422	2855.053	2396.802	2403.447	3602.409	2.11	8361.832
2004 September	269.709	1464.607	204.556	1370.284	1812.596	2727.55	2268.423	2274.953	3282.11	0.452	7837.846
2004 October	380.406	1391.775	257.168	1364.404	1888.324	2811.824	2383.366	2389.847	3048.587	-1.772	7956.079
2004 November	580.695	1565.647	347.999	1400.002	1870.143	2795.116	2291.989	2298.251	2968.19	-1.456	8057.561
2004 December	961.565	2237.626	533.061	1675.016	1946.802	2881.444	2361.431	2368.673	3359.899	0.459	9163.218
2005 January	1124.979	2494.866	587.1	1689.918	1912.107	2811.33	2290.415	2297.928	3379.442	1.229	9295.271
2005 February	959.853	2075.177	516.756	1491.861	1762.78	2588.136	2129.801	2136.653	2922.635	-0.972	8290.854
2005 March	876.745	1997.097	477.362	1542.362	1918.903	2814.458	2374.425	2381.074	3087.555	-1.047	8733.944
2005 April	539.999	1462.781	321.708	1326.295	1744.615	2621.02	2309.76	2316.036	2810.048	-4.364	7721.767
2005 May	400.636	1385.324	248.012	1371.499	1797.612	2765.036	2419.103	2425.441	3081.936	-1.15	7946.15
2005 June	303.902	1593.954	211.575	1473.678	1785.679	2759.439	2343.95	2350.806	3532.77	1.68	8179.556
2005 July	275.123	1869.965	201.244	1548.384	1737.788	2713.458	2447.356	2454.145	3924.443	3.236	8589.189
2005 August	272.873	1867.102	204.523	1554.92	1807.835	2790.342	2473.514	2480.751	3934.368	2.729	8695.842
2005 September	259.678	1567.291	196.118	1400.388	1635.367	2537.209	2282.835	2289.397	3420.286	0.25	7794.535
2005 October	356.943	1429.712	238.422	1371.664	1704.208	2601.154	2380.702	2387.074	3109.33	-0.964	7788.64
2005 November	549.833	1550.588	323.017	1401.406	1757.528	2669.06	2320.166	2326.578	2997.089	-1.011	7946.622
2005 December	981.564	2320.494	526.904	1680.374	1845.395	2769.837	2427.073	2434.428	3424.196	0.21	9205.342
2006 January	899.165	2172.18	496.173	1573.768	1858.101	2723.538	2346.116	2352.978	3222.909	0.243	8822.707
2006 February	891.228	2001.032	490.477	1506.857	1693.772	2545.494	2138.728	2145.259	2984.437	-0.902	8197.739
2006 March	808.075	1924.314	447.166	1522.567	1842.483	2728.028	2412.616	2419.376	3083.945	-1.634	8592.651
2006 April	499.436	1459.096	296.735	1333.459	1700.156	2577.376	2343.752	2350.051	2879.903	-2.542	7717.441
2006 May	339.357	1385.741	228.316	1413.201	1768.689	2728.011	2432.144	2438.571	3197.017	-1.217	7964.307
2006 June	265.822	1565.752	196.891	1463.672	1768.836	2716.633	2399.806	2406.472	3521.174	0.599	8153.129
2006 July	242.658	1858.417	184.331	1561.056	1732.707	2707.392	2503.262	2510.141	3974.049	2.97	8639.977
2006 August	236.564	1842.569	189.887	1556.061	1845.546	2811.784	2518.346	2525.087	3945.157	3.367	8738.867
2006 September	250.635	1427.789	195.63	1354.108	1796.391	2672.258	2332.72	2338.96	3217.739	-0.201	7792.913
2006 October	374.784	1398.74	255.958	1415.6	1857.418	2765.317	2443.252	2449.661	3097.905	-1.883	8027.434
2006 November	555.19	1583.765	329.989	1426.462	1826.337	2701.023	2319.353	2325.668	3006.05	-0.865	8036.053
2006 December	792.123	2049.807	436.01	1581.933	1838.315	2713.439	2447.532	2454.401	3285.599	1.68	8801.26
2007 January	994.624	2369.767	526.236	1697.019	1894.341	2798.594	2352.768	2361.171	3458.582	1.128	9227.679
2007 February	1093.663	2359.349	574.992	1624.899	1778.255	2595.116	2172.843	2180.333	3139.945	-0.273	8759.424
2007 March	800.581	1924.625	447.107	1538.666	1819.232	2697.481	2398.622	2406.523	3101.754	-2.636	8564.659
2007 April	545.943	1510.794	324.783	1404.725	1754.55	2645.439	2360.978	2367.881	2942.583	-2.645	7926.193
2007 May	336.882	1392.516	223.892	1412.81	1783.538	2738.986	2474.777	2481.473	3206.697	-1.766	8024.019
2007 June	259.885	1538.86	191.583	1469.842	1706.774	2660.655	2423.21	2430.453	3518.359	0.593	8100.403
2007 July	241.871	1749.417	179.941	1523.707	1728.391	2693.655	2516.884	2524.202	3823.894	2.671	8493.652
2007 August	243.434	1885.483	188.491	1615.831	1769.277	2776.98	2533.896	2541.263	4084.46	3.523	8823.081
2007 September	246.827	1564.355	188.177	1407.906	1725.389	2614.792	2348.888	2355.872	3433.645	0.686	7943.611
2007 October	317.25	1400.857	227.172	1422.814	1781.151	2709.58	2436.125	2442.93	3214.485	-1.392	7974.79
2007 November	572.121	1594.149	341.359	1456.083	1770.976	2678.053	2350.44	2357.614	3051.002	-0.957	8084.941
2007 December	936.771	2231.841	509.074	1677.299	1850.646	2774.171	2401.271	2408.587	3394.137	0.382	9092.28
2008 January	1115.37	2544.297	593.182	1761.679	1932.727	2822.972	2284.454	2291.891	3495.107	1.432	9422.272
2008 February	1037.938	2262.702	568.996	1647.508	1775.989	2617.794	2126.212	2133.031	3151.9	-0.196	8660.839
2008 March	850.853	1991.718	474.493	1574.606	1801.385	2690.315	2335.409	2342.119	3136.619	-1.851	8596.907
2008 April	544.731	1523.559	328.574	1406.399	1713.841	2602.712	2307.368	2313.894	2952.049	-2.76	7843.803
2008 May	370.708	1385.154	242.638	1424.549	1728.108	2695.459	2393.083	2399.614	3170.238	-1.906	7902.87
2008 June	284.226	1622.869	198.081	1514.634	1653.261	2615.243	2288.095	2294.932	3624.014	0.829	8048.507
2008 July	259.636	1812.689	191.21	1580.397	1687.108	2647.351	2373.607	2380.642	3909.519	2.722	8423.802
2008 August	247.691	1731.06	187.29	1517.841	1654.816	2603.503	2362.716	2369.668	3769.558	1.349	8223.42
2008 September	242.777	1439.598	186.235	1395.433	1501.692	2379.903	2136.369	2142.798	3290.657	0.124	7357.855
2008 October	362.992	1375.958	252.406	1420.717	1771.949	2659.006	2332.027	2338.746	3075.053	-3.852	7790.575
2008 November	592.575	1629.655	351.314	1460.39	1665.774	2527.119	2191.602	2198.214	3014.114	0.262	7815.641
2008 December	980.523	2349.997	525.874	1698.347	1640.931	2470.835	2273.389	2280.675	3379.137	4.38	8804.234
2009 January	1148.854	2608.311	629.311	1803.949	1707.29	2510.604	2203.832	2212.07	3445.647	1.164	9136.098
2009 February	931.572	2099.052	522.015	1525.32	1537.247	2260.34	1991.69	1998.485	2900.672	-2.766	7880.431
2009 March	774.709	1895.837	451.644	1530.21	1592.969	2373.761	2253.552	2260.681	2987.615	-3.752	8056.737
2009 April	539.365	1504	324.255	1374.93	1475.001	2247.868	2215.675	2222.13	2794.631	-0.845	7348.083
2009 May	332.273	1367.35	227.714	1382.414	1474.48	2299.261	2238.622	2245.22	3021.154	0.165	7294.409
2009 June	264.125	1521.458	192.044	1454.179	1487.186	2319.002	2240.856	2247.589	3358.016	1.867	7544.095
2009 July	249.566	1705.406	190.808	1475.386	1507.493	2337.502	2294.045	2301.099	3577.481	3.482	7822.874
2009 August	247.764	1711.817	194.109	1505.151	1552.459	2423.113	2320.826	2327.674	3652.597	2.956	7970.712
2009 September	257.132	1417.508	199.58	1357.304	1540.917	2345.614	2152.554	2158.965	3129.208	-0.459	7278.932
2009 October	398.502	1411.701	268.312	1383.924	1601.132	2417.953	2263.042	2269.209	2951.798	-1.794	7480.993
2009 November	529.164	1521.298	323.683	1378.455	1586.851	2393.53	2157.886	2164.178	2859.875	-1.292	7456.168
2009 December	961.034	2315.362	532.487	1717.153	1692.32	2534.477	2272.269	2279.755	3388.637	1.296	8848.043
2010 January	1132.784	2680.959	613.298	1748.143	1721.152	2514.121	2159.166	2166.612	3483.437	4.1	9113.936
2010 February	976.985	2241.697	544.688	1581.937	1625.464	2389.301	1976.629	1983.648	3072.818	0.814	8197.397
2010 March	731.239	1880.661	417.293	1463.498	1771.508	2576.783	2259.276	2265.969	3007.594	-1.504	8185.406
2010 April	434.891	1342.969	276.49	1305.69	1643.415	2454.276	2246.62	2252.756	2754.274	-2.866	7352.825
2010 May	324.45	1381.695	225.234	1408.769	1635.925	2551.276	2311.022	2317.713	3162.822	-0.702	7658.751
2010 June	264.059	1655.149	197.236	1499.828	1633.481	2543.007	2282.213	2289.332	3610.327	2.385	7989.701
2010 July	236.95	1885.631	181.704	1545.125	1645.734	2559.597	2362.299	2369.346	3933.012	4.167	8363.866
2010 August	228.837	1851.688	185.988	1546.67	1728.926	2655.18	2361.552	2368.109	3916.344	3.833	8425.48
2010 September	233.987	1490.556	188.371	1390.01	1688.887	2529.974	2258.975	2265.361	3305.68	-0.598	7675.303
2010 October	337.938	1325.861	254.676	1362.89	1665.711	2504.382	2291.552	2297.788	2941.042	-1.947	7488.973
2010 November	593.418	1590.926	362.115	1449.054	1691.932	2544.339	2190.837	2197.273	2943.29	-1.949	7779.643
2010 December	1046.178	2467.092	576.268	1756.881	1825.118	2702.857	2277.555	2285.142	3486.854	1.139	9213.11
2011 January	1150.128	2659.25	630.809	1756.975	1841.806	2675.038	2177.388	2184.779	3475.911	3.04	9279.083
2011 February	932.112	2147.737	526.111	1536.135	1624.547	2397.394	2003.994	2010.438	3004.941	-0.356	8091.349
2011 March	745.545	1847.764	442.835	1538.068	1808.961	2672.577	2262.984	2269.955	3068.039	-1.94	8326.425
2011 April	460.485	1445.944	293.279	1350.301	1640.355	2485.576	2197.955	2204.568	2894.316	-1.103	7485.287
2011 May	315.937	1370.909	219.259	1381.527	1648.501	2534.696	2272.638	2279.318	3110.114	-0.765	7565.684
2011 June	249.044	1599.19	194.542	1460.961	1630.383	2529.656	2279.719	2286.607	3522.727	2.278	7878.692
2011 July	231.568	1904.301	189.122	1573.603	1639.76	2582.965	2295.345	2302.377	4007.452	6.308	8369.555
2011 August	240.826	1841.993	205.848	1553.202	1733.466	2660.257	2326.386	2332.898	3881.823	4.532	8392.881
2011 September	250.265	1466.506	209.895	1378.881	1658.402	2500.248	2196.566	2202.846	3233.353	0.202	7548.683
2011 October	364.418	1337.067	281.534	1398.813	1722.208	2588.905	2233.298	2239.637	2962.963	-1.393	7563.028
2011 November	582.115	1569.717	368.109	1433.387	1755.937	2612.72	2154.52	2160.768	2915.913	-2.005	7774.588
2011 December	870.351	2109.151	501.585	1618.201	1750.773	2602.418	2230.933	2237.913	3214.041	-1.271	8566.412
2012 January	962.122	2260.953	544.474	1630.322	1846.913	2664.138	2103.61	2110.316	3208.61	-0.341	8665.388
2012 February	809.275	1902.125	470.697	1483.637	1733.887	2526.367	2040.998	2047.366	2904.639	-2.531	7956.965
2012 March	538.365	1549.761	337.069	1380.149	1727.084	2554.614	2185.907	2191.983	2888.08	-5.692	7670.813
2012 April	393.801	1288.227	269.554	1295.281	1649.185	2471.8	2158.002	2163.991	2748.757	-5.529	7213.77
2012 May	279.464	1351.567	210.483	1387.839	1698.158	2597.935	2263.294	2269.616	3155.558	-2.121	7604.837
2012 June	235.26	1523.52	190.951	1427.603	1659.65	2535.916	2230.241	2236.5	3407.437	2.853	7726.392
2012 July	220.643	1853.633	184.196	1542.057	1678.637	2600.03	2275.098	2281.744	3918.89	7.776	8285.24
2012 August	228.112	1741.026	200.657	1510.733	1733.382	2634.381	2326.792	2333.261	3730.458	5.086	8224.487
2012 September	230.018	1410.194	200.222	1358.088	1644.868	2459.847	2124.406	2130.499	3159.114	2.696	7361.323
2012 October	355.971	1333.812	273.034	1390.482	1781.009	2620.536	2213.136	2219.199	2940.878	0.037	7564.065
2012 November	608.644	1619.711	376.505	1434.252	1771.604	2592.147	2107.139	2113.056	2895.274	-0.128	7759.038
2012 December	811.169	2029.755	467.738	1578.91	1817.005	2653.243	2115.089	2121.69	3172.598	0.063	8383.661
2013 January	1076.86	2431.704	586.585	1694.116	1875.578	2703.233	2137.442	2144.267	3296.855	-0.506	8972.814
2013 February	935.74	2067.537	527.918	1538.662	1682.432	2449.798	1945.107	1951.699	2916.499	-1.395	8006.301
2013 March	844.66	1997.859	486.888	1556.909	1757.592	2585.476	2227.398	2234.019	3057.725	-1.574	8372.69
2013 April	518.364	1488.394	323.487	1352.954	1676.638	2491.079	2178.909	2185.302	2820.329	-3.813	7513.915
2013 May	324.435	1324.313	229.24	1370.826	1739.781	2631.526	2280.687	2287.276	3039.799	-2.639	7611.303
2013 June	245.02	1486.996	188.043	1424.001	1674.797	2560.838	2235.525	2242.245	3370.695	2.014	7716.093
2013 July	235.649	1731.499	189.094	1512.912	1753.038	2656.517	2350.142	2356.888	3729.894	5.367	8263.184
2013 August	236.444	1656.438	195.391	1502.232	1733.49	2636.575	2354.825	2361.458	3636.552	4.173	8160.875
2013 September	247.619	1454.119	201.408	1377.984	1755	2579.99	2212.021	2218.241	3214.286	0.79	7631.123
2013 October	354.343	1350.89	264.547	1392.233	1827.168	2663.358	2303.559	2309.513	2966.377	-2.264	7713.73
2013 November	665.508	1696.867	415.19	1504.282	1862.408	2701.277	2219.252	2225.301	2965.37	-2.34	8125.388
2013 December	1020.8	2382.33	556.046	1704.281	1921.386	2745.563	2220.4	2227.568	3341.11	0.853	9060.596
2014 January	1237.881	2774.254	671.937	1865.976	1946.896	2787.366	2143.69	2151.157	3578.349	4.412	9583.165
2014 February	1038.089	2320.909	586.827	1628.783	1722.761	2475.759	1985.899	1992.887	3084.762	2.502	8420.841
2014 March	881.202	2063.582	513.101	1620.285	1780.923	2614.552	2213.322	2220.034	3129.905	0.144	8518.596
2014 April	490.848	1422.352	313.528	1347.672	1743.64	2556.2	2220.322	2226.778	2784.665	-2.742	7550.259
2014 May	343.2	1348.019	243.645	1394.776	1714.135	2610.378	2282.154	2288.93	3058.969	-0.969	7641.134
2014 June	257.463	1495.962	203.987	1446.405	1675.285	2574.514	2248.917	2255.309	3386.539	2.416	7774.607
2014 July	244.238	1665.862	198.01	1499.351	1764.875	2682.175	2369.792	2376.481	3646.954	3.711	8227.58
2014 August	239.582	1639.246	198.774	1493.056	1767.659	2693.094	2373.376	2379.989	3625.994	3.861	8209.246
2014 September	266.442	1447.651	216.919	1391.353	1760.56	2596.898	2205.714	2211.856	3198.123	0.656	7648.413
2014 October	365.923	1341.084	275.42	1399.637	1827.129	2672.549	2339.621	2345.836	2951.013	-2.728	7756.379
2014 November	713.685	1759.394	445.162	1540.901	1819.232	2671.099	2218.332	2225.029	3000.011	-2.877	8193.545
2014 December	902.979	2144.739	517.863	1628.761	1887.203	2710.815	2305.693	2312.131	3182.709	-2.842	8793.604
2015 January	1134.269	2556.479	639.426	1786.661	1945.492	2744.252	2194.329	2201.259	3375.135	1.416	9290.067
2015 February	1080.922	2348.592	614.313	1694.937	1772.699	2535.817	2024.711	2031.898	3118.6	2.682	8613.927
2015 March	794.652	1959.252	471.312	1545.436	1838.708	2609.958	2314.846	2321.639	3016.767	-0.521	8435.764
2015 April	445.489	1348.897	295.582	1340.102	1743.105	2527.264	2252.493	2258.75	2738.345	-2.137	7472.876
2015 May	304.817	1308.397	222.726	1377.207	1767.359	2621.503	2340.043	2346.505	3018.668	-0.295	7653.318
2015 June	234.001	1494.773	188.38	1440.599	1755.187	2635.881	2332.274	2338.706	3400.116	3.103	7913.062
2015 July	224.505	1745.565	190.054	1533.606	1816.831	2710.108	2445.207	2452.008	3764.691	5.664	8446.951
2015 August	222.302	1699.175	193.587	1509.508	1799.59	2679.939	2427.365	2433.789	3679.567	5.526	8327.937
2015 September	221.55	1459.789	193.438	1403.181	1710.847	2526.57	2297.484	2303.599	3269.821	4.041	7697.181
2015 October	358.449	1340.235	278.629	1396.019	1738.338	2540.155	2352.157	2358.484	2907.32	-0.57	7634.323
2015 November	572.504	1524.243	372.806	1443.62	1714.864	2501.714	2218.459	2224.7	2815.643	-1.24	7693.037
2015 December	776.875	1911.706	450.605	1537.185	1823.448	2599.431	2321.019	2327.372	3003.746	-0.848	8374.846
2016 January	1092.019	2442.622	622.415	1761.663	1894.143	2681.693	2198.944	2205.753	3284.209	2.645	9094.376
2016 February	885.202	2030.687	524.572	1545.825	1790.918	2525.086	2133.051	2139.47	2907.324	-0.449	8240.618
2016 March	619.127	1611.85	390.134	1434.909	1803.216	2559.219	2375.652	2381.728	2799.577	-3.844	7983.863
2016 April	476.059	1367.875	314.146	1346.807	1677.729	2445.659	2295.268	2301.325	2698.465	-1.788	7459.879
2016 May	335.685	1318.049	247.843	1377.48	1688.055	2507.06	2386.014	2392.136	2937.128	-0.912	7593.812
2016 June	244.714	1556.826	201.355	1467.356	1678.01	2522.728	2406.89	2413.563	3429.504	4.243	7964.715
2016 July	235.748	1853.741	201.949	1560.16	1721.902	2597.373	2476.905	2483.743	3858.513	6.961	8501.977
2016 August	220.464	1803.756	199.098	1562.657	1826.026	2690.709	2483.884	2490.31	3817.96	5.235	8552.666
